60
2 0 1 10 11 
2 1 2 11 12 
2 2 3 12 13 
2 3 4 13 14 
2 4 5 14 15 
2 5 6 15 16 
2 6 7 16 17 
2 7 8 17 18 
2 8 9 18 19 
2 9 10 19 20 
2 10 11 20 21 
2 11 12 21 22 
2 12 13 22 23 
2 13 14 23 24 
2 14 15 24 25 
2 15 16 25 26 
2 16 17 26 27 
2 17 18 27 28 
2 18 19 28 29 
2 19 20 29 30 
1 20 21 30 31 
1 21 22 31 32 
1 22 23 32 33 
1 23 24 33 34 
2 24 25 34 35 
2 25 26 35 36 
2 26 27 36 37 
2 27 28 37 38 
2 28 29 38 39 
2 29 30 39 40 
1 30 31 40 41 
1 31 32 41 42 
1 32 33 42 43 
1 33 34 43 44 
2 34 35 44 45 
2 35 36 45 46 
2 36 37 46 47 
2 37 38 47 48 
2 38 39 48 49 
2 39 40 49 50 
1 40 41 50 51 
1 41 42 51 52 
1 42 43 52 53 
1 43 44 53 54 
2 44 45 54 55 
2 45 46 55 56 
2 46 47 56 57 
2 47 48 57 58 
2 48 49 58 59 
2 49 50 59 60 
1 50 51 60 61 
1 51 52 61 62 
1 52 53 62 63 
1 53 54 63 64 
2 54 55 64 65 
2 55 56 65 66 
2 56 57 66 67 
2 57 58 67 68 
2 58 59 68 69 
2 59 60 69 70 
