99
0 0 0
1 0.3333333333333333 0
2 1 0
3 1.6666666666666665 0
4 3 0
5 3.3333333333333335 0
6 4 0
7 4.333333333333333 0
8 5 0
9 6 0
10 8 0
11 0 0.75
12 0.4166666666666667 0.75
13 1.25 0.75
14 1.8333333333333335 0.75
15 3 0.75
16 3.3333333333333335 0.75
17 4 0.75
18 4.333333333333333 0.75
19 5 0.75
20 6 0.75
21 8 0.75
22 0 1.5
23 0.5 1.5
24 1.5 1.5
25 2 1.5
26 3 1.5
27 3.3333333333333335 1.5
28 4 1.5
29 4.333333333333333 1.5
30 5 1.5
31 6 1.5
32 8 1.5
33 0 2.25
34 0.5833333333333334 2.25
35 1.75 2.25
36 2.1666666666666665 2.25
37 3 2.25
38 3.3333333333333335 2.25
39 4 2.25
40 4.333333333333333 2.25
41 5 2.25
42 6 2.25
43 8 2.25
44 0 3
45 0.6666666666666666 3
46 2 3
47 2.3333333333333335 3
48 3 3
49 3.3333333333333335 3
50 4 3
51 4.333333333333333 3
52 5 3
53 6 3
54 8 3
55 0 3.6666666666666665
56 0.6666666666666666 3.6666666666666665
57 2 3.6666666666666665
58 2.3333333333333335 3.6666666666666665
59 3 3.6666666666666665
60 3.3333333333333335 3.6666666666666665
61 4 3.6666666666666665
62 4.333333333333333 3.6666666666666665
63 5 3.6666666666666665
64 6 3.6666666666666665
65 8 3.6666666666666665
66 0 5
67 0.6666666666666666 5
68 2 5
69 2.3333333333333335 5
70 3 5
71 3.3333333333333335 5
72 4 5
73 4.333333333333333 5
74 5 5
75 6 5
76 8 5
77 0 5.666666666666667
78 0.6666666666666666 5.666666666666667
79 2 5.666666666666667
80 2.3333333333333335 5.666666666666667
81 3 5.666666666666667
82 3.3333333333333335 5.666666666666667
83 4 5.666666666666667
84 4.555555555555555 5.666666666666667
85 5.666666666666667 5.666666666666667
86 6.444444444444445 5.666666666666667
87 8 5.666666666666667
88 0 7
89 0.6666666666666666 7
90 2 7
91 2.3333333333333335 7
92 3 7
93 3.3333333333333335 7
94 4 7
95 5 7
96 7 7
97 7.333333333333333 7
98 8 7
